33,4
89,1
89,3
85,1
85,3
90,1
90,3
87,1
87,3
81,1
81,3
86,1
86,3
91,52
91,51
91,50
91,49
91,48
91,47
91,46
91,45
91,44
91,43
91,42
91,41
91,40
91,39
91,38
91,37
91,36
91,35
44,3
44,1
43,3
43,1
42,3
42,1
40,3
40,1
39,3
39,1
38,3
38,1
37,3
37,1
36,3
36,1
35,3
35,1
33,3
33,1
32,4
32,3
32,1
31,3
31,1
30,3
30,1
29,4
29,3
29,1
28,3
28,1
20,3
20,2
20,1
19,3
19,2
19,1
18,3
18,1
14,2
14,0
12,3
12,2
12,1
11,3
11,2
11,1
10,3
10,2
10,1
9,3
9,2
9,1
8,3
8,2
8,1
3,3
3,2
3,1
2,3
14,7
0,443
2,2
2,1
0,278
0,273
0,270
13,1
14,1
14,6
0,0
13,3
14,3
0,9
91,34
